245 4339
0 122
0 192
0 55
0 143
0 48
0 168
0 26
0 14
0 235
0 127
0 20
0 137
0 220
0 182
0 159
0 104
0 28
0 82
0 34
0 67
0 18
0 135
0 2
0 167
0 136
0 241
0 90
0 78
0 80
0 152
0 75
0 116
0 169
0 239
0 7
0 225
0 123
0 54
0 153
0 92
0 199
0 174
0 16
0 240
0 148
0 230
0 106
0 232
0 204
1 62
1 168
1 26
1 127
1 20
1 219
1 220
1 104
1 12
1 28
1 34
1 228
1 167
1 131
1 136
1 78
1 105
1 152
1 75
1 169
1 181
1 239
1 134
1 233
1 92
1 165
1 109
1 107
1 15
1 70
1 229
1 240
1 29
1 40
1 234
1 148
1 230
1 106
1 89
1 108
2 115
2 86
2 93
2 198
2 177
2 8
2 53
2 76
2 103
2 4
2 65
2 84
2 52
2 113
2 141
2 33
2 47
2 85
2 119
2 97
2 151
2 242
2 17
2 68
2 237
2 195
2 164
2 117
2 129
2 0
2 211
3 62
3 214
3 14
3 219
3 139
3 220
3 189
3 159
3 12
3 28
3 67
3 146
3 207
3 147
3 215
3 38
3 78
3 152
3 212
3 154
3 169
3 225
3 42
3 123
3 227
3 92
3 64
3 107
3 174
3 10
3 16
3 145
3 39
3 50
3 234
3 25
3 204
4 122
4 55
4 143
4 48
4 168
4 26
4 161
4 235
4 63
4 20
4 88
4 219
4 69
4 28
4 73
4 243
4 146
4 162
4 2
4 27
4 156
4 131
4 111
4 72
4 170
4 121
4 105
4 80
4 152
4 120
4 181
4 225
4 42
4 123
4 77
4 54
4 165
4 109
4 158
4 213
4 240
4 145
4 148
4 43
4 106
4 89
5 122
5 192
5 157
5 48
5 62
5 98
5 171
5 180
5 63
5 20
5 132
5 12
5 82
5 13
5 162
5 135
5 156
5 111
5 72
5 38
5 21
5 105
5 75
5 196
5 116
5 154
5 244
5 239
5 42
5 179
5 223
5 175
5 134
5 92
5 15
5 183
5 10
5 234
5 43
5 46
5 204
6 124
6 115
6 86
6 118
6 217
6 236
6 36
6 187
6 52
6 110
6 128
6 33
6 218
6 85
6 97
6 194
6 151
6 242
6 68
6 155
6 100
6 166
6 99
6 210
6 61
6 59
6 205
7 41
7 93
7 198
7 103
7 202
7 35
7 201
7 36
7 141
7 218
7 151
7 126
7 242
7 150
7 102
7 100
7 178
7 87
7 166
7 37
7 195
7 203
7 164
7 129
7 0
7 211
7 59
8 122
8 96
8 48
8 62
8 214
8 171
8 60
8 137
8 219
8 182
8 73
8 228
8 13
8 18
8 11
8 135
8 2
8 112
8 147
8 156
8 72
8 22
8 170
8 241
8 90
8 163
8 169
8 244
8 225
8 175
8 227
8 176
8 92
8 114
8 165
8 15
8 197
8 183
8 174
8 83
8 213
8 145
8 50
8 234
8 108
9 86
9 93
9 217
9 142
9 76
9 224
9 191
9 32
9 226
9 65
9 110
9 91
9 85
9 119
9 194
9 17
9 45
9 100
9 178
9 87
9 166
9 125
9 99
9 138
9 49
9 37
9 206
9 74
9 195
9 117
9 211
9 59
9 172
10 124
10 144
10 217
10 238
10 224
10 193
10 191
10 202
10 35
10 56
10 3
10 110
10 128
10 200
10 33
10 119
10 5
10 45
10 30
10 155
10 99
10 71
10 210
10 49
10 31
10 61
10 117
10 101
11 124
11 144
11 118
11 217
11 8
11 193
11 187
11 113
11 218
11 85
11 97
11 23
11 242
11 79
11 17
11 30
11 138
11 206
11 31
11 61
11 101
11 211
11 205
12 124
12 93
12 198
12 19
12 236
12 76
12 222
12 103
12 202
12 201
12 1
12 3
12 113
12 91
12 218
12 151
12 5
12 133
12 17
12 30
12 100
12 178
12 237
12 210
12 49
12 44
12 101
13 124
13 198
13 8
13 76
13 103
13 36
13 128
13 47
13 218
13 119
13 97
13 194
13 151
13 140
13 242
13 5
13 30
13 68
13 155
13 166
13 125
13 138
13 49
13 37
13 206
13 31
13 44
13 203
13 101
13 59
13 172
13 81
14 124
14 19
14 238
14 177
14 142
14 224
14 222
14 173
14 226
14 3
14 113
14 110
14 85
14 194
14 126
14 133
14 102
14 17
14 100
14 178
14 166
14 237
14 99
14 71
14 210
14 31
14 44
14 74
14 195
14 129
14 0
14 101
14 172
15 58
15 144
15 86
15 118
15 217
15 8
15 236
15 224
15 173
15 201
15 1
15 36
15 65
15 187
15 110
15 141
15 218
15 119
15 151
15 242
15 5
15 30
15 68
15 166
15 125
15 210
15 49
15 61
15 74
15 195
15 59
16 58
16 144
16 19
16 238
16 53
16 191
16 32
16 173
16 226
16 201
16 56
16 3
16 52
16 113
16 110
16 128
16 141
16 200
16 33
16 47
16 194
16 208
16 126
16 133
16 102
16 17
16 30
16 155
16 99
16 71
16 138
16 49
16 195
16 164
16 117
16 0
16 59
16 172
16 81
17 122
17 188
17 55
17 157
17 130
17 98
17 185
17 14
17 235
17 127
17 63
17 137
17 88
17 139
17 69
17 12
17 28
17 67
17 11
17 243
17 207
17 2
17 112
17 136
17 21
17 190
17 212
17 163
17 116
17 120
17 239
17 54
17 149
17 153
17 92
17 64
17 109
17 107
17 16
17 213
17 40
17 234
17 9
17 148
17 43
17 232
18 115
18 238
18 8
18 76
18 191
18 201
18 56
18 36
18 65
18 84
18 52
18 128
18 33
18 47
18 119
18 97
18 194
18 151
18 102
18 155
18 125
18 237
18 49
18 206
18 61
18 74
18 203
18 117
18 0
18 231
19 157
19 161
19 95
19 14
19 220
19 182
19 104
19 12
19 82
19 73
19 67
19 162
19 207
19 135
19 27
19 156
19 22
19 241
19 121
19 105
19 75
19 163
19 181
19 77
19 179
19 134
19 233
19 153
19 176
19 165
19 107
19 183
19 16
19 158
19 229
19 39
19 46
20 86
20 198
20 118
20 238
20 222
20 193
20 191
20 32
20 24
20 202
20 201
20 1
20 4
20 36
20 52
20 128
20 91
20 66
20 208
20 5
20 100
20 125
20 138
20 61
20 203
20 0
20 101
20 211
20 172
20 81
21 58
21 198
21 118
21 53
21 142
21 76
21 224
21 222
21 191
21 36
21 91
21 200
21 85
21 119
21 97
21 66
21 194
21 5
21 79
21 17
21 30
21 155
21 100
21 178
21 125
21 210
21 44
21 195
21 117
21 129
21 101
21 211
21 205
22 41
22 144
22 115
22 19
22 238
22 8
22 236
22 222
22 193
22 24
22 36
22 110
22 218
22 194
22 151
22 208
22 150
22 102
22 30
22 68
22 166
22 125
22 99
22 49
22 206
22 44
22 117
22 172
22 205
22 81
23 188
23 96
23 55
23 214
23 26
23 185
23 161
23 180
23 132
23 219
23 220
23 182
23 189
23 159
23 51
23 104
23 82
23 228
23 11
23 135
23 72
23 170
23 241
23 90
23 105
23 152
23 163
23 186
23 169
23 42
23 54
23 149
23 179
23 176
23 114
23 109
23 197
23 229
23 240
23 29
23 39
23 40
23 25
23 43
23 204
23 108
24 122
24 188
24 214
24 26
24 180
24 20
24 139
24 220
24 182
24 69
24 104
24 82
24 67
24 57
24 228
24 243
24 135
24 167
24 27
24 156
24 22
24 170
24 80
24 75
24 163
24 120
24 169
24 239
24 225
24 123
24 54
24 175
24 134
24 64
24 165
24 109
24 216
24 183
24 70
24 83
24 158
24 229
24 145
24 39
24 230
24 43
24 46
24 204
24 108
25 124
25 144
25 93
25 198
25 118
25 217
25 238
25 177
25 53
25 142
25 224
25 32
25 202
25 35
25 201
25 3
25 187
25 84
25 110
25 128
25 141
25 85
25 97
25 208
25 126
25 23
25 30
25 155
25 100
25 166
25 125
25 237
25 99
25 206
25 74
25 195
25 94
25 164
25 211
25 59
26 124
26 41
26 118
26 217
26 238
26 142
26 24
26 202
26 35
26 1
26 4
26 52
26 200
26 33
26 85
26 97
26 23
26 242
26 79
26 68
26 87
26 125
26 138
26 206
26 31
26 117
26 129
26 0
26 59
26 205
26 81
27 58
27 124
27 93
27 19
27 238
27 142
27 76
27 224
27 191
27 173
27 24
27 226
27 35
27 201
27 4
27 56
27 36
27 52
27 200
27 47
27 85
27 119
27 126
27 242
27 45
27 178
27 166
27 71
27 206
27 61
27 203
27 129
27 101
27 211
27 81
28 58
28 86
28 118
28 217
28 238
28 142
28 202
28 35
28 201
28 1
28 4
28 56
28 3
28 36
28 65
28 84
28 218
28 119
28 151
28 140
28 126
28 150
28 133
28 17
28 45
28 30
28 68
28 87
28 125
28 138
28 61
28 74
28 203
28 129
28 0
29 58
29 118
29 217
29 53
29 142
29 76
29 103
29 191
29 202
29 35
29 201
29 1
29 56
29 52
29 110
29 119
29 97
29 140
29 23
29 150
29 102
29 45
29 68
29 178
29 125
29 99
29 138
29 210
29 49
29 37
29 206
29 31
29 164
29 211
30 122
30 192
30 62
30 214
30 168
30 130
30 185
30 161
30 171
30 88
30 220
30 69
30 12
30 28
30 13
30 11
30 146
30 207
30 135
30 112
30 131
30 111
30 38
30 22
30 21
30 121
30 105
30 163
30 120
30 186
30 181
30 149
30 134
30 233
30 114
30 109
30 15
30 216
30 199
30 174
30 83
30 10
30 16
30 50
30 25
30 43
30 106
30 46
30 232
31 62
31 26
31 95
31 14
31 127
31 60
31 88
31 219
31 220
31 159
31 57
31 13
31 11
31 207
31 215
31 131
31 38
31 241
31 184
31 190
31 152
31 116
31 223
31 64
31 216
31 199
31 209
31 10
31 213
31 29
31 39
31 50
31 234
31 46
31 232
31 89
32 122
32 96
32 157
32 48
32 214
32 168
32 98
32 60
32 20
32 137
32 88
32 219
32 139
32 159
32 82
32 215
32 38
32 241
32 78
32 105
32 190
32 154
32 120
32 186
32 239
32 225
32 77
32 221
32 149
32 179
32 223
32 175
32 153
32 176
32 92
32 64
32 165
32 216
32 183
32 199
32 209
32 83
32 16
32 240
32 145
32 50
32 234
32 9
32 25
32 43
32 46
32 108
33 55
33 214
33 168
33 26
33 98
33 171
33 180
33 127
33 137
33 189
33 18
33 2
33 167
33 156
33 131
33 6
33 184
33 116
33 154
33 244
33 77
33 179
33 223
33 175
33 114
33 216
33 183
33 209
33 70
33 83
33 10
33 16
33 240
33 230
33 43
33 204
34 124
34 41
34 217
34 53
34 142
34 193
34 201
34 1
34 187
34 84
34 52
34 85
34 119
34 151
34 126
34 150
34 133
34 102
34 68
34 178
34 210
34 206
34 61
34 0
34 59
34 81
34 231
35 96
35 192
35 157
35 168
35 26
35 98
35 161
35 180
35 235
35 51
35 69
35 28
35 228
35 162
35 207
35 167
35 27
35 121
35 78
35 152
35 75
35 163
35 196
35 154
35 120
35 7
35 225
35 221
35 54
35 149
35 179
35 175
35 153
35 92
35 109
35 197
35 183
35 209
35 83
35 10
35 229
35 213
35 240
35 29
35 25
35 46
35 232
35 89
36 96
36 55
36 130
36 98
36 185
36 180
36 63
36 20
36 182
36 159
36 69
36 28
36 57
36 13
36 18
36 27
36 156
36 136
36 6
36 22
36 21
36 184
36 121
36 190
36 116
36 7
36 77
36 179
36 92
36 15
36 216
36 174
36 70
36 213
36 39
36 234
36 148
37 157
37 62
37 130
37 98
37 171
37 132
37 139
37 220
37 104
37 67
37 57
37 228
37 13
37 146
37 162
37 207
37 112
37 147
37 136
37 160
37 90
37 80
37 152
37 163
37 186
37 169
37 7
37 225
37 77
37 221
37 175
37 176
37 216
37 183
37 174
37 209
37 83
37 29
37 234
37 9
37 43
38 41
38 118
38 238
38 177
38 222
38 32
38 3
38 65
38 84
38 113
38 110
38 128
38 91
38 141
38 119
38 140
38 126
38 150
38 5
38 133
38 45
38 30
38 68
38 125
38 237
38 71
38 138
38 206
38 31
38 74
38 164
38 117
39 124
39 41
39 118
39 19
39 238
39 142
39 173
39 24
39 202
39 226
39 201
39 56
39 3
39 36
39 65
39 52
39 128
39 91
39 200
39 140
39 23
39 133
39 79
39 68
39 155
39 210
39 31
39 61
39 164
39 117
39 129
39 211
39 59
40 124
40 86
40 198
40 217
40 76
40 224
40 222
40 103
40 202
40 1
40 56
40 65
40 187
40 52
40 128
40 91
40 200
40 66
40 208
40 140
40 23
40 150
40 79
40 17
40 125
40 99
40 203
40 129
40 205
40 81
41 157
41 48
41 214
41 26
41 130
41 63
41 132
41 220
41 69
41 34
41 57
41 228
41 243
41 162
41 112
41 131
41 111
41 38
41 22
41 121
41 78
41 190
41 196
41 154
41 186
41 181
41 239
41 7
41 123
41 179
41 134
41 114
41 165
41 174
41 240
41 145
41 39
41 43
41 106
42 58
42 124
42 115
42 86
42 198
42 217
42 177
42 224
42 103
42 201
42 4
42 3
42 84
42 128
42 47
42 218
42 66
42 23
42 5
42 155
42 166
42 125
42 237
42 99
42 71
42 49
42 206
42 44
42 94
42 203
42 164
42 211
42 81
43 41
43 144
43 93
43 217
43 238
43 53
43 76
43 222
43 191
43 32
43 173
43 24
43 201
43 4
43 56
43 84
43 33
43 218
43 119
43 194
43 23
43 242
43 150
43 5
43 133
43 79
43 102
43 17
43 30
43 155
43 37
43 61
43 164
43 117
43 172
43 205
44 96
44 130
44 14
44 127
44 137
44 132
44 219
44 51
44 12
44 13
44 162
44 131
44 111
44 22
44 21
44 90
44 121
44 78
44 163
44 116
44 120
44 181
44 239
44 42
44 123
44 221
44 134
44 227
44 153
44 114
44 174
44 209
44 83
44 240
44 145
44 50
44 148
44 230
44 108
45 143
45 48
45 95
45 60
45 88
45 51
45 104
45 28
45 67
45 57
45 228
45 243
45 146
45 27
45 215
45 38
45 184
45 80
45 75
45 163
45 116
45 120
45 239
45 123
45 179
45 227
45 176
45 165
45 197
45 174
45 209
45 10
45 29
45 9
45 106
45 108
46 93
46 198
46 118
46 19
46 238
46 191
46 32
46 24
46 226
46 35
46 65
46 113
46 91
46 200
46 5
46 79
46 30
46 87
46 125
46 237
46 99
46 71
46 31
46 195
46 203
46 117
46 129
46 59
46 231
47 157
47 48
47 161
47 235
47 127
47 63
47 132
47 88
47 220
47 104
47 57
47 228
47 13
47 18
47 2
47 27
47 215
47 131
47 136
47 111
47 160
47 170
47 184
47 105
47 190
47 75
47 163
47 116
47 169
47 42
47 77
47 223
47 176
47 165
47 109
47 216
47 209
47 16
47 229
47 240
47 145
47 50
48 58
48 41
48 144
48 217
48 8
48 53
48 191
48 32
48 4
48 52
48 110
48 128
48 200
48 47
48 151
48 5
48 102
48 45
48 99
48 49
48 61
48 195
48 94
48 0
48 101
48 205
48 231
49 48
49 168
49 130
49 185
49 171
49 235
49 182
49 159
49 51
49 69
49 12
49 13
49 18
49 243
49 135
49 131
49 22
49 160
49 120
49 244
49 225
49 42
49 123
49 134
49 227
49 64
49 107
49 15
49 216
49 199
49 10
49 16
49 29
49 50
49 9
49 106
49 204
50 124
50 115
50 8
50 142
50 193
50 32
50 202
50 56
50 3
50 65
50 110
50 47
50 218
50 66
50 242
50 30
50 155
50 87
50 166
50 210
50 49
50 31
50 44
50 211
50 81
51 144
51 115
51 118
51 217
51 238
51 177
51 236
51 222
51 35
51 187
51 52
51 141
51 85
51 66
51 208
51 140
51 23
51 242
51 45
51 68
51 237
51 138
51 49
51 44
51 74
51 211
52 188
52 192
52 143
52 48
52 26
52 130
52 98
52 185
52 161
52 171
52 180
52 20
52 219
52 182
52 51
52 82
52 34
52 67
52 18
52 146
52 207
52 135
52 2
52 27
52 147
52 136
52 6
52 160
52 170
52 80
52 75
52 212
52 196
52 116
52 186
52 123
52 149
52 179
52 223
52 134
52 64
52 174
52 209
52 16
52 158
52 240
52 145
52 29
52 39
52 40
52 234
52 148
52 230
52 89
52 108
53 122
53 96
53 55
53 143
53 157
53 48
53 62
53 214
53 161
53 171
53 63
53 220
53 182
53 159
53 34
53 2
53 112
53 156
53 136
53 72
53 160
53 241
53 21
53 90
53 184
53 121
53 78
53 190
53 75
53 212
53 163
53 196
53 154
53 186
53 225
53 54
53 233
53 114
53 109
53 216
53 197
53 199
53 83
53 16
53 158
53 213
53 29
53 25
53 43
53 106
54 58
54 144
54 115
54 86
54 93
54 238
54 177
54 53
54 142
54 76
54 224
54 222
54 24
54 35
54 4
54 65
54 187
54 84
54 110
54 200
54 85
54 66
54 151
54 23
54 17
54 100
54 237
54 61
54 74
54 164
54 0
54 101
54 211
55 144
55 86
55 118
55 53
55 142
55 76
55 224
55 193
55 173
55 4
55 36
55 187
55 200
55 33
55 140
55 23
55 242
55 150
55 17
55 68
55 155
55 100
55 237
55 138
55 206
55 129
55 0
55 59
55 172
55 81
55 231
56 188
56 214
56 130
56 185
56 235
56 127
56 137
56 139
56 220
56 189
56 28
56 18
56 207
56 135
56 27
56 215
56 156
56 72
56 170
56 184
56 121
56 78
56 80
56 186
56 169
56 181
56 239
56 123
56 77
56 221
56 175
56 233
56 165
56 174
56 70
56 10
56 16
56 229
56 240
56 145
56 29
56 39
56 50
56 40
56 230
56 43
56 232
56 108
57 41
57 142
57 76
57 222
57 24
57 226
57 201
57 36
57 113
57 110
57 200
57 47
57 85
57 119
57 66
57 208
57 242
57 150
57 45
57 87
57 125
57 99
57 138
57 210
57 37
57 31
57 74
57 203
57 164
57 101
57 59
57 205
58 192
58 48
58 98
58 185
58 95
58 171
58 180
58 137
58 139
58 220
58 182
58 159
58 28
58 228
58 243
58 207
58 27
58 112
58 215
58 131
58 136
58 111
58 72
58 160
58 21
58 90
58 105
58 190
58 80
58 75
58 212
58 163
58 196
58 116
58 244
58 239
58 225
58 42
58 123
58 54
58 175
58 92
58 64
58 15
58 197
58 199
58 70
58 16
58 229
58 145
58 29
58 148
58 89
58 204
59 55
59 143
59 214
59 26
59 98
59 235
59 137
59 219
59 159
59 104
59 73
59 34
59 67
59 57
59 13
59 167
59 215
59 156
59 6
59 160
59 184
59 121
59 78
59 80
59 75
59 212
59 163
59 239
59 7
59 225
59 123
59 149
59 223
59 175
59 134
59 233
59 153
59 92
59 165
59 15
59 183
59 83
59 16
59 158
59 145
59 39
59 9
59 25
59 230
59 46
59 89
59 204
60 86
60 93
60 198
60 177
60 8
60 142
60 76
60 32
60 202
60 113
60 91
60 200
60 66
60 140
60 133
60 102
60 45
60 68
60 155
60 71
60 206
60 31
60 74
60 195
60 203
60 164
60 211
60 205
60 231
61 48
61 185
61 161
61 180
61 20
61 159
61 28
61 34
61 228
61 18
61 11
61 167
61 27
61 112
61 111
61 6
61 72
61 184
61 190
61 244
61 239
61 123
61 54
61 175
61 134
61 233
61 176
61 114
61 109
61 15
61 83
61 10
61 229
61 39
61 148
61 43
61 89
62 115
62 8
62 53
62 76
62 222
62 103
62 193
62 191
62 226
62 1
62 3
62 113
62 110
62 200
62 208
62 140
62 5
62 133
62 30
62 68
62 155
62 166
62 37
62 31
62 129
62 101
62 205
63 41
63 144
63 86
63 53
63 236
63 222
63 103
63 193
63 173
63 4
63 36
63 65
63 187
63 47
63 194
63 151
63 5
63 102
63 17
63 125
63 71
63 138
63 206
63 94
63 211
63 172
63 205
63 81
64 58
64 115
64 142
64 76
64 32
64 24
64 226
64 201
64 3
64 187
64 84
64 52
64 110
64 128
64 141
64 126
64 242
64 79
64 17
64 155
64 178
64 87
64 166
64 237
64 49
64 31
64 94
64 203
64 117
65 143
65 168
65 185
65 161
65 180
65 63
65 189
65 104
65 28
65 228
65 18
65 135
65 2
65 167
65 156
65 136
65 72
65 38
65 241
65 90
65 75
65 163
65 116
65 186
65 225
65 54
65 179
65 223
65 134
65 165
65 109
65 15
65 216
65 174
65 83
65 213
65 240
65 39
65 50
65 40
65 9
65 106
65 46
66 122
66 96
66 192
66 214
66 130
66 98
66 161
66 180
66 60
66 20
66 219
66 182
66 159
66 51
66 82
66 73
66 67
66 57
66 243
66 146
66 135
66 112
66 215
66 170
66 21
66 90
66 184
66 152
66 120
66 186
66 244
66 42
66 221
66 54
66 134
66 233
66 92
66 165
66 199
66 209
66 83
66 158
66 240
66 50
66 40
66 234
66 106
66 204
67 124
67 118
67 19
67 236
67 142
67 222
67 191
67 24
67 201
67 3
67 187
67 52
67 141
67 200
67 66
67 151
67 17
67 45
67 87
67 125
67 37
67 206
67 164
67 0
67 59
67 172
67 231
68 188
68 55
68 157
68 62
68 26
68 171
68 60
68 132
68 182
68 51
68 104
68 28
68 82
68 73
68 34
68 13
68 243
68 135
68 2
68 6
68 72
68 38
68 22
68 160
68 170
68 241
68 78
68 154
68 123
68 175
68 233
68 92
68 114
68 109
68 107
68 15
68 199
68 174
68 83
68 229
68 213
68 240
68 29
68 39
68 230
68 89
68 204
69 124
69 41
69 86
69 236
69 224
69 24
69 226
69 35
69 201
69 4
69 36
69 110
69 141
69 151
69 133
69 79
69 17
69 30
69 178
69 87
69 125
69 237
69 71
69 210
69 49
69 206
69 74
69 101
69 211
70 58
70 124
70 118
70 76
70 173
70 24
70 226
70 1
70 56
70 36
70 110
70 33
70 218
70 140
70 242
70 150
70 155
70 125
70 237
70 94
70 203
70 211
70 205
71 122
71 96
71 192
71 143
71 214
71 98
71 95
71 14
71 180
71 60
71 63
71 88
71 189
71 69
71 73
71 228
71 146
71 27
71 112
71 111
71 38
71 241
71 90
71 121
71 196
71 186
71 181
71 239
71 225
71 42
71 77
71 221
71 227
71 176
71 165
71 216
71 197
71 183
71 10
71 16
71 240
71 230
71 46
71 204
72 58
72 115
72 86
72 118
72 217
72 8
72 53
72 236
72 142
72 224
72 191
72 226
72 201
72 4
72 56
72 65
72 128
72 119
72 97
72 151
72 23
72 242
72 5
72 68
72 155
72 125
72 61
72 203
72 101
72 211
72 205
72 81
73 124
73 86
73 118
73 19
73 238
73 8
73 193
73 202
73 4
73 113
73 200
73 85
73 97
73 66
73 151
73 68
73 100
73 166
73 237
73 71
73 210
73 206
73 117
73 59
73 172
73 205
74 122
74 96
74 168
74 161
74 14
74 60
74 137
74 182
74 189
74 159
74 51
74 69
74 104
74 28
74 57
74 18
74 146
74 162
74 147
74 156
74 131
74 38
74 170
74 241
74 90
74 184
74 121
74 105
74 190
74 163
74 169
74 181
74 225
74 77
74 54
74 223
74 175
74 134
74 227
74 15
74 216
74 183
74 199
74 83
74 213
74 240
74 145
74 9
74 25
74 230
74 232
74 204
74 108
75 58
75 124
75 93
75 198
75 118
75 19
75 238
75 53
75 236
75 76
75 224
75 222
75 103
75 24
75 202
75 35
75 1
75 65
75 52
75 91
75 141
75 200
75 47
75 85
75 126
75 5
75 45
75 87
75 138
75 210
75 195
75 129
75 0
75 59
75 231
76 55
76 62
76 98
76 185
76 95
76 171
76 60
76 132
76 139
76 159
76 12
76 57
76 13
76 18
76 135
76 2
76 27
76 156
76 111
76 21
76 121
76 78
76 80
76 152
76 75
76 169
76 244
76 225
76 123
76 221
76 54
76 92
76 64
76 114
76 109
76 107
76 197
76 70
76 158
76 29
76 40
76 9
76 230
76 43
76 204
77 115
77 118
77 19
77 238
77 142
77 222
77 193
77 32
77 173
77 226
77 201
77 4
77 56
77 36
77 110
77 33
77 47
77 218
77 151
77 79
77 155
77 87
77 166
77 71
77 37
77 74
77 164
77 129
77 211
77 231
78 41
78 118
78 217
78 177
78 53
78 236
78 76
78 103
78 191
78 32
78 173
78 35
78 1
78 56
78 3
78 187
78 113
78 141
78 200
78 218
78 140
78 126
78 68
78 178
78 125
78 237
78 138
78 210
78 206
78 44
78 94
78 164
78 117
78 0
78 101
78 59
78 205
79 26
79 185
79 95
79 171
79 137
79 132
79 220
79 182
79 159
79 69
79 104
79 228
79 11
79 146
79 135
79 147
79 215
79 160
79 21
79 212
79 163
79 154
79 186
79 244
79 77
79 179
79 134
79 227
79 64
79 109
79 174
79 83
79 229
79 145
79 39
79 40
79 43
79 46
79 89
79 108
80 58
80 86
80 118
80 177
80 142
80 76
80 191
80 24
80 202
80 4
80 56
80 52
80 113
80 110
80 128
80 140
80 45
80 100
80 99
80 37
80 0
80 59
80 172
80 205
81 96
81 55
81 143
81 26
81 171
81 235
81 127
81 63
81 20
81 137
81 220
81 34
81 13
81 243
81 146
81 27
81 136
81 111
81 72
81 22
81 160
81 170
81 196
81 244
81 181
81 42
81 123
81 149
81 179
81 175
81 134
81 227
81 165
81 197
81 199
81 16
81 145
81 50
81 40
81 234
81 230
81 89
82 198
82 118
82 217
82 19
82 177
82 236
82 193
82 191
82 32
82 173
82 24
82 226
82 52
82 110
82 128
82 119
82 66
82 208
82 23
82 150
82 5
82 133
82 68
82 94
82 129
82 0
82 211
82 172
82 205
83 144
83 93
83 118
83 177
83 8
83 53
83 32
83 24
83 202
83 35
83 201
83 65
83 84
83 33
83 85
83 119
83 97
83 66
83 208
83 140
83 133
83 79
83 30
83 68
83 125
83 37
83 44
83 61
83 74
83 195
83 94
83 203
83 164
83 129
83 59
83 231
84 192
84 130
84 185
84 88
84 139
84 159
84 28
84 34
84 18
84 243
84 162
84 2
84 167
84 215
84 111
84 38
84 170
84 241
84 116
84 120
84 169
84 42
84 54
84 227
84 153
84 176
84 64
84 114
84 109
84 197
84 199
84 83
84 229
84 240
84 145
84 25
84 43
84 106
84 89
84 204
84 108
85 192
85 214
85 26
85 14
85 137
85 132
85 88
85 219
85 139
85 220
85 182
85 189
85 51
85 73
85 34
85 57
85 228
85 11
85 146
85 162
85 135
85 2
85 167
85 27
85 147
85 156
85 6
85 160
85 241
85 21
85 184
85 121
85 152
85 75
85 212
85 163
85 154
85 120
85 186
85 244
85 181
85 54
85 149
85 134
85 227
85 114
85 174
85 209
85 83
85 158
85 229
85 240
85 145
85 9
85 25
85 230
86 122
86 55
86 157
86 171
86 127
86 60
86 63
86 20
86 88
86 189
86 69
86 28
86 73
86 228
86 146
86 162
86 2
86 112
86 131
86 6
86 72
86 160
86 170
86 90
86 184
86 105
86 190
86 80
86 116
86 186
86 244
86 239
86 225
86 42
86 123
86 54
86 227
86 165
86 109
86 107
86 15
86 197
86 199
86 40
86 9
86 230
86 204
87 188
87 192
87 26
87 88
87 182
87 189
87 159
87 69
87 104
87 28
87 67
87 57
87 162
87 207
87 135
87 167
87 136
87 241
87 184
87 105
87 190
87 152
87 75
87 116
87 7
87 225
87 77
87 149
87 179
87 134
87 233
87 153
87 176
87 64
87 216
87 174
87 209
87 229
87 145
87 50
87 9
87 46
88 124
88 86
88 118
88 142
88 224
88 32
88 173
88 4
88 187
88 84
88 128
88 91
88 47
88 85
88 97
88 208
88 140
88 126
88 17
88 45
88 30
88 87
88 71
88 31
88 195
88 101
88 211
88 205
89 58
89 177
89 142
89 222
89 193
89 226
89 35
89 201
89 1
89 4
89 84
89 52
89 91
89 151
89 150
89 79
89 68
89 178
89 125
89 31
89 61
89 195
89 94
89 164
89 211
89 59
89 172
89 205
89 81
90 58
90 115
90 86
90 177
90 8
90 53
90 236
90 224
90 173
90 65
90 200
90 66
90 208
90 126
90 23
90 100
90 71
90 138
90 210
90 37
90 44
90 74
90 203
90 164
90 117
90 0
90 172
91 96
91 143
91 157
91 130
91 127
91 60
91 20
91 132
91 88
91 159
91 12
91 228
91 207
91 167
91 112
91 215
91 131
91 38
91 160
91 21
91 184
91 121
91 75
91 154
91 186
91 181
91 221
91 223
91 175
91 134
91 227
91 153
91 165
91 109
91 183
91 174
91 145
91 39
91 40
91 9
91 148
91 230
91 46
91 89
92 58
92 124
92 144
92 115
92 198
92 118
92 177
92 8
92 76
92 103
92 32
92 35
92 201
92 1
92 3
92 36
92 110
92 128
92 66
92 194
92 140
92 150
92 5
92 133
92 17
92 68
92 125
92 99
92 210
92 195
92 203
92 0
92 211
92 59
92 231
93 96
93 143
93 168
93 161
93 171
93 180
93 127
93 60
93 139
93 159
93 12
93 243
93 162
93 2
93 167
93 27
93 215
93 156
93 136
93 111
93 184
93 75
93 163
93 154
93 7
93 54
93 223
93 233
93 165
93 109
93 197
93 183
93 83
93 213
93 240
93 9
93 148
93 25
93 43
93 46
93 232
93 108
94 188
94 48
94 214
94 185
94 127
94 63
94 189
94 82
94 112
94 111
94 160
94 78
94 152
94 186
94 244
94 239
94 42
94 221
94 175
94 134
94 64
94 107
94 183
94 209
94 70
94 83
94 229
94 145
94 25
94 89
95 58
95 115
95 198
95 19
95 238
95 76
95 224
95 173
95 202
95 113
95 141
95 200
95 218
95 150
95 79
95 102
95 45
95 178
95 125
95 237
95 99
95 71
95 31
95 203
95 117
95 231
96 124
96 93
96 238
96 8
96 53
96 142
96 191
96 32
96 226
96 35
96 36
96 113
96 91
96 141
96 200
96 66
96 194
96 23
96 242
96 102
96 100
96 71
96 44
96 74
96 203
96 101
96 172
96 81
96 231
97 188
97 168
97 26
97 130
97 161
97 171
97 235
97 137
97 88
97 220
97 182
97 189
97 104
97 73
97 228
97 13
97 18
97 11
97 162
97 2
97 156
97 6
97 72
97 21
97 121
97 190
97 152
97 212
97 163
97 116
97 154
97 120
97 244
97 239
97 225
97 123
97 153
97 176
97 174
97 83
97 158
97 240
97 29
97 148
97 25
97 230
97 232
98 58
98 144
98 115
98 238
98 177
98 236
98 76
98 222
98 191
98 32
98 35
98 36
98 52
98 110
98 200
98 33
98 119
98 66
98 151
98 140
98 5
98 17
98 237
98 71
98 210
98 37
98 206
98 203
98 164
98 129
98 101
98 59
99 192
99 48
99 214
99 130
99 95
99 171
99 14
99 180
99 127
99 57
99 146
99 135
99 147
99 131
99 6
99 22
99 160
99 80
99 196
99 120
99 186
99 244
99 181
99 42
99 223
99 175
99 227
99 92
99 165
99 197
99 199
99 10
99 16
99 158
99 229
99 213
99 145
99 29
99 40
99 9
99 25
99 46
99 232
99 204
99 108
100 96
100 192
100 55
100 143
100 185
100 161
100 14
100 180
100 127
100 20
100 12
100 73
100 243
100 207
100 167
100 147
100 215
100 6
100 21
100 90
100 80
100 212
100 154
100 244
100 7
100 225
100 123
100 54
100 179
100 223
100 134
100 153
100 107
100 197
100 199
100 209
100 158
100 229
100 240
100 9
100 25
100 230
101 96
101 157
101 48
101 62
101 98
101 14
101 20
101 137
101 132
101 88
101 219
101 189
101 159
101 69
101 12
101 57
101 13
101 11
101 162
101 135
101 27
101 112
101 156
101 111
101 72
101 170
101 21
101 121
101 78
101 163
101 116
101 186
101 169
101 239
101 123
101 54
101 149
101 233
101 165
101 109
101 216
101 10
101 229
102 122
102 96
102 192
102 157
102 48
102 185
102 95
102 14
102 60
102 63
102 219
102 182
102 34
102 18
102 135
102 112
102 215
102 136
102 22
102 190
102 212
102 163
102 7
102 221
102 179
102 175
102 109
102 107
102 16
102 29
102 234
102 43
102 106
102 232
102 108
103 192
103 62
103 180
103 127
103 63
103 137
103 132
103 220
103 182
103 189
103 12
103 13
103 162
103 2
103 167
103 156
103 131
103 160
103 184
103 78
103 75
103 186
103 239
103 7
103 42
103 221
103 179
103 223
103 134
103 176
103 92
103 165
103 29
103 40
103 234
103 148
103 106
103 232
103 204
104 19
104 236
104 142
104 24
104 1
104 65
104 47
104 97
104 194
104 208
104 126
104 23
104 79
104 45
104 68
104 178
104 87
104 237
104 138
104 210
104 37
104 206
104 74
104 195
104 203
104 129
104 0
104 59
104 231
105 58
105 86
105 19
105 238
105 177
105 193
105 32
105 1
105 4
105 47
105 194
105 23
105 5
105 30
105 155
105 178
105 87
105 166
105 74
105 195
105 129
105 211
105 172
105 231
106 41
106 198
106 238
106 53
106 142
106 103
106 1
106 4
106 65
106 84
106 113
106 200
106 218
106 66
106 140
106 102
106 45
106 30
106 125
106 138
106 210
106 49
106 206
106 203
106 0
106 211
106 205
107 144
107 86
107 217
107 19
107 142
107 76
107 222
107 193
107 1
107 3
107 110
107 141
107 119
107 194
107 151
107 102
107 17
107 68
107 155
107 100
107 178
107 166
107 210
107 49
107 195
107 94
107 129
107 172
107 231
108 115
108 93
108 198
108 118
108 238
108 8
108 236
108 222
108 32
108 24
108 202
108 1
108 56
108 84
108 52
108 110
108 119
108 23
108 79
108 102
108 45
108 155
108 166
108 125
108 99
108 44
108 74
108 129
108 172
108 231
109 144
109 86
109 93
109 217
109 177
109 53
109 236
109 76
109 224
109 193
109 24
109 202
109 226
109 35
109 1
109 4
109 65
109 187
109 84
109 110
109 91
109 141
109 47
109 23
109 150
109 133
109 79
109 102
109 17
109 30
109 68
109 178
109 61
109 195
109 129
109 101
109 205
109 231
110 192
110 48
110 62
110 214
110 98
110 14
110 180
110 69
110 82
110 57
110 111
110 6
110 38
110 22
110 160
110 80
110 186
110 169
110 239
110 123
110 77
110 54
110 223
110 92
110 64
110 109
110 107
110 15
110 216
110 199
110 209
110 70
110 10
110 16
110 158
110 213
110 29
110 50
110 9
110 148
110 25
110 232
110 204
110 108
111 58
111 124
111 41
111 144
111 93
111 118
111 236
111 142
111 76
111 4
111 187
111 84
111 110
111 47
111 218
111 151
111 208
111 150
111 5
111 30
111 71
111 210
111 44
111 61
111 195
111 94
111 203
111 164
111 101
111 211
111 81
111 231
112 58
112 124
112 41
112 115
112 86
112 198
112 118
112 177
112 8
112 53
112 224
112 222
112 193
112 191
112 173
112 202
112 226
112 91
112 200
112 66
112 133
112 102
112 17
112 30
112 166
112 125
112 71
112 37
112 206
112 61
112 195
112 94
112 164
112 101
112 231
113 96
113 62
113 168
113 95
113 14
113 180
113 235
113 127
113 60
113 189
113 12
113 73
113 57
113 228
113 11
113 162
113 2
113 167
113 38
113 170
113 121
113 78
113 80
113 163
113 154
113 186
113 244
113 123
113 149
113 179
113 233
113 176
113 114
113 174
113 16
113 158
113 240
113 148
113 106
113 46
113 204
114 41
114 144
114 115
114 198
114 8
114 53
114 142
114 76
114 191
114 226
114 201
114 84
114 113
114 33
114 218
114 85
114 151
114 23
114 242
114 30
114 68
114 166
114 44
114 61
114 117
114 129
114 172
115 157
115 62
115 98
115 95
115 137
115 132
115 139
115 51
115 18
115 207
115 2
115 112
115 147
115 215
115 6
115 72
115 22
115 160
115 170
115 241
115 90
115 184
115 121
115 212
115 116
115 154
115 120
115 244
115 225
115 42
115 123
115 77
115 221
115 54
115 223
115 227
115 176
115 92
115 64
115 114
115 183
115 158
115 145
115 50
115 148
115 108
116 58
116 144
116 115
116 86
116 118
116 36
116 65
116 84
116 52
116 200
116 33
116 47
116 218
116 97
116 140
116 5
116 17
116 45
116 155
116 87
116 166
116 210
116 31
116 44
116 117
116 0
116 101
116 231
117 26
117 161
117 95
117 171
117 180
117 137
117 139
117 73
117 18
117 162
117 2
117 167
117 136
117 38
117 22
117 170
117 21
117 90
117 78
117 190
117 152
117 116
117 239
117 123
117 179
117 176
117 64
117 114
117 216
117 197
117 183
117 174
117 10
117 16
117 158
117 39
117 9
117 43
117 46
118 192
118 55
118 143
118 26
118 171
118 235
118 20
118 88
118 139
118 51
118 28
118 82
118 73
118 67
118 228
118 11
118 135
118 167
118 112
118 111
118 6
118 72
118 38
118 21
118 121
118 78
118 190
118 80
118 152
118 75
118 163
118 196
118 116
118 186
118 169
118 181
118 123
118 77
118 221
118 149
118 179
118 134
118 233
118 92
118 15
118 197
118 199
118 209
118 70
118 83
118 145
118 29
118 39
118 234
118 25
118 46
118 108
119 122
119 157
119 214
119 98
119 161
119 180
119 220
119 159
119 28
119 82
119 34
119 57
119 228
119 13
119 18
119 243
119 162
119 207
119 2
119 27
119 72
119 38
119 21
119 239
119 134
119 107
119 15
119 183
119 83
119 10
119 213
119 240
119 145
119 29
119 234
119 9
119 230
119 43
119 108
120 115
120 217
120 142
120 191
120 32
120 24
120 35
120 4
120 187
120 84
120 128
120 85
120 97
120 66
120 208
120 17
120 45
120 30
120 99
120 138
120 49
120 44
120 205
120 231
121 41
121 115
121 198
121 118
121 217
121 19
121 238
121 53
121 236
121 76
121 35
121 4
121 56
121 36
121 113
121 91
121 218
121 85
121 97
121 208
121 30
121 155
121 166
121 71
121 206
121 44
121 74
121 203
121 101
121 59
122 124
122 86
122 8
122 53
122 236
122 193
122 32
122 24
122 4
122 187
122 200
122 119
122 66
122 140
122 5
122 102
122 17
122 30
122 178
122 166
122 125
122 71
122 74
122 203
122 164
122 129
122 0
122 231
123 58
123 41
123 115
123 86
123 118
123 238
123 76
123 222
123 24
123 4
123 56
123 3
123 52
123 113
123 110
123 128
123 200
123 97
123 194
123 151
123 140
123 126
123 242
123 45
123 68
123 100
123 178
123 49
123 206
123 44
123 61
123 195
123 117
123 129
123 0
123 101
123 59
123 81
124 122
124 96
124 26
124 14
124 88
124 69
124 12
124 73
124 34
124 67
124 228
124 13
124 11
124 27
124 112
124 111
124 6
124 160
124 241
124 152
124 75
124 163
124 154
124 186
124 42
124 221
124 179
124 175
124 233
124 92
124 165
124 216
124 197
124 183
124 209
124 70
124 10
124 229
124 213
124 145
124 39
124 50
124 40
124 25
125 122
125 26
125 95
125 171
125 63
125 20
125 132
125 219
125 220
125 159
125 69
125 28
125 67
125 57
125 13
125 18
125 162
125 112
125 147
125 156
125 72
125 38
125 22
125 21
125 78
125 190
125 152
125 186
125 42
125 221
125 149
125 223
125 92
125 165
125 15
125 70
125 83
125 158
125 29
125 40
125 9
125 25
125 106
125 46
125 89
125 204
125 108
126 188
126 192
126 143
126 14
126 235
126 88
126 139
126 189
126 104
126 28
126 34
126 27
126 147
126 215
126 131
126 136
126 38
126 90
126 78
126 190
126 75
126 154
126 181
126 7
126 123
126 175
126 134
126 233
126 176
126 64
126 216
126 183
126 209
126 16
126 229
126 25
127 144
127 86
127 93
127 238
127 236
127 222
127 103
127 1
127 56
127 113
127 91
127 33
127 47
127 208
127 150
127 133
127 17
127 100
127 99
127 138
127 31
127 44
127 94
127 129
127 0
127 81
128 188
128 48
128 130
128 20
128 88
128 219
128 220
128 82
128 228
128 13
128 18
128 146
128 207
128 135
128 167
128 215
128 156
128 136
128 6
128 72
128 38
128 160
128 241
128 190
128 80
128 154
128 120
128 186
128 42
128 123
128 221
128 149
128 179
128 223
128 176
128 92
128 64
128 10
128 16
128 158
128 229
128 145
128 39
128 40
128 25
128 204
129 122
129 55
129 62
129 214
129 168
129 26
129 98
129 14
129 127
129 137
129 139
129 220
129 104
129 28
129 82
129 228
129 243
129 146
129 162
129 135
129 2
129 167
129 27
129 160
129 170
129 21
129 105
129 75
129 186
129 169
129 7
129 123
129 77
129 221
129 149
129 175
129 134
129 233
129 114
129 109
129 107
129 216
129 199
129 83
129 39
129 40
129 148
129 230
129 46
129 204
129 108
130 41
130 144
130 217
130 222
130 173
130 226
130 201
130 56
130 36
130 84
130 52
130 128
130 91
130 218
130 97
130 66
130 208
130 242
130 133
130 17
130 30
130 99
130 210
130 49
130 37
130 44
130 211
130 205
131 58
131 41
131 86
131 217
131 224
131 103
131 202
131 226
131 201
131 1
131 4
131 91
131 141
131 200
131 33
131 47
131 126
131 150
131 30
131 155
131 99
131 210
131 49
131 31
131 44
131 74
131 211
132 41
132 115
132 76
132 103
132 202
132 226
132 187
132 91
132 47
132 85
132 151
132 140
132 23
132 5
132 79
132 68
132 166
132 125
132 237
132 37
132 44
132 195
132 203
132 101
132 211
133 192
133 143
133 62
133 214
133 130
133 171
133 14
133 180
133 127
133 60
133 219
133 189
133 69
133 12
133 28
133 82
133 34
133 228
133 146
133 167
133 112
133 156
133 38
133 241
133 190
133 152
133 154
133 149
133 179
133 223
133 175
133 92
133 109
133 83
133 16
133 229
133 240
133 39
133 234
133 230
133 43
134 41
134 118
134 19
134 177
134 236
134 224
134 103
134 191
134 24
134 202
134 1
134 65
134 52
134 91
134 218
134 85
134 119
134 66
134 126
134 5
134 79
134 30
134 100
134 87
134 49
134 44
134 61
134 74
134 94
134 203
134 164
134 129
134 59
134 81
135 198
135 118
135 19
135 8
135 142
135 76
135 222
135 191
135 24
135 202
135 56
135 65
135 52
135 128
135 85
135 66
135 208
135 23
135 5
135 79
135 102
135 30
135 68
135 155
135 87
135 99
135 49
135 164
135 129
135 0
135 101
136 58
136 93
136 53
136 193
136 191
136 226
136 1
136 36
136 65
136 52
136 128
136 47
136 126
136 102
136 17
136 178
136 87
136 237
136 210
136 37
136 117
136 0
136 81
137 58
137 115
137 8
137 142
137 222
137 103
137 32
137 56
137 187
137 33
137 85
137 97
137 79
137 17
137 237
137 44
137 74
137 117
137 129
137 0
137 101
137 59
137 205
137 81
138 55
138 157
138 26
138 185
138 127
138 63
138 20
138 139
138 182
138 189
138 159
138 51
138 104
138 28
138 57
138 13
138 11
138 38
138 160
138 90
138 78
138 190
138 75
138 163
138 196
138 154
138 120
138 239
138 223
138 233
138 153
138 197
138 183
138 209
138 16
138 158
138 29
138 9
138 230
138 106
139 58
139 144
139 115
139 93
139 118
139 177
139 236
139 76
139 191
139 32
139 173
139 24
139 226
139 56
139 3
139 84
139 141
139 85
139 151
139 208
139 140
139 126
139 242
139 17
139 138
139 37
139 117
139 129
139 231
140 122
140 55
140 62
140 214
140 98
140 235
140 60
140 132
140 88
140 219
140 139
140 220
140 182
140 159
140 51
140 28
140 228
140 13
140 243
140 146
140 162
140 207
140 38
140 160
140 78
140 190
140 80
140 212
140 116
140 239
140 225
140 123
140 92
140 183
140 199
140 70
140 83
140 213
140 29
140 39
140 40
140 106
141 96
141 95
141 219
141 139
141 159
141 51
141 69
141 67
141 2
141 147
141 131
141 38
141 78
141 75
141 154
141 169
141 7
141 225
141 179
141 175
141 64
141 109
141 107
141 15
141 216
141 209
141 16
141 213
141 145
141 234
141 148
141 25
141 230
142 188
142 96
142 192
142 55
142 168
142 26
142 14
142 60
142 137
142 88
142 219
142 104
142 28
142 34
142 67
142 57
142 146
142 135
142 167
142 27
142 147
142 215
142 111
142 72
142 160
142 21
142 190
142 80
142 163
142 196
142 154
142 120
142 186
142 225
142 77
142 221
142 54
142 179
142 175
142 233
142 64
142 114
142 165
142 107
142 240
142 29
142 39
142 50
142 234
142 9
142 148
142 25
142 106
142 89
143 93
143 118
143 53
143 191
143 4
143 65
143 52
143 91
143 218
143 194
143 151
143 126
143 242
143 133
143 45
143 100
143 71
143 206
143 0
143 59
143 172
143 81
143 231
144 55
144 157
144 48
144 214
144 130
144 98
144 127
144 63
144 139
144 51
144 11
144 167
144 147
144 156
144 111
144 22
144 241
144 152
144 116
144 154
144 186
144 181
144 54
144 149
144 227
144 92
144 114
144 109
144 107
144 15
144 174
144 209
144 83
144 10
144 16
144 25
144 43
145 58
145 124
145 41
145 115
145 118
145 8
145 193
145 32
145 173
145 24
145 202
145 201
145 4
145 56
145 3
145 84
145 52
145 128
145 91
145 141
145 200
145 47
145 218
145 85
145 119
145 194
145 208
145 79
145 87
145 99
145 210
145 206
145 44
145 74
145 195
145 94
145 203
145 59
145 172
145 81
146 86
146 142
146 224
146 193
146 4
146 3
146 52
146 128
146 85
146 66
146 140
146 242
146 133
146 79
146 45
146 30
146 99
146 71
146 210
146 37
146 74
146 129
146 81
147 144
147 115
147 198
147 8
147 142
147 222
147 191
147 201
147 3
147 187
147 52
147 141
147 200
147 218
147 85
147 126
147 79
147 100
147 125
147 99
147 37
147 74
147 164
147 172
148 58
148 115
148 93
148 217
148 142
148 224
148 222
148 103
148 191
148 201
148 1
148 4
148 36
148 52
148 113
148 110
148 91
148 141
148 200
148 218
148 97
148 194
148 151
148 208
148 242
148 150
148 17
148 237
148 44
148 61
148 203
148 129
148 0
148 172
148 231
149 144
149 198
149 118
149 222
149 32
149 226
149 35
149 52
149 113
149 128
149 200
149 218
149 85
149 23
149 150
149 133
149 17
149 30
149 87
149 125
149 210
149 129
149 101
149 211
149 59
149 172
149 81
150 192
150 55
150 214
150 95
150 235
150 127
150 220
150 28
150 82
150 34
150 57
150 228
150 131
150 111
150 38
150 22
150 241
150 190
150 212
150 163
150 7
150 225
150 149
150 179
150 223
150 175
150 176
150 92
150 165
150 109
150 183
150 174
150 209
150 70
150 229
150 29
150 40
150 148
150 43
150 89
150 204
151 143
151 157
151 48
151 168
151 98
151 161
151 171
151 63
151 132
151 139
151 69
151 12
151 28
151 73
151 34
151 67
151 13
151 18
151 207
151 2
151 167
151 111
151 6
151 72
151 22
151 160
151 184
151 7
151 123
151 77
151 54
151 223
151 227
151 114
151 107
151 15
151 183
151 213
151 240
151 148
151 230
151 232
151 89
152 124
152 144
152 118
152 177
152 76
152 224
152 222
152 191
152 35
152 1
152 4
152 3
152 200
152 85
152 97
152 66
152 194
152 23
152 133
152 87
152 166
152 125
152 237
152 37
152 206
152 31
152 94
152 203
152 117
152 0
152 172
152 231
153 217
153 19
153 222
153 32
153 35
153 187
153 84
153 91
153 97
153 242
153 17
153 100
153 87
153 138
153 44
153 0
153 59
153 172
153 205
153 231
154 124
154 41
154 144
154 115
154 93
154 198
154 177
154 53
154 236
154 142
154 224
154 191
154 32
154 226
154 35
154 3
154 187
154 113
154 128
154 91
154 141
154 33
154 218
154 85
154 97
154 194
154 126
154 5
154 133
154 79
154 68
154 100
154 166
154 138
154 206
155 55
155 62
155 168
155 171
155 235
155 60
155 220
155 13
155 18
155 135
155 156
155 131
155 6
155 72
155 21
155 121
155 105
155 116
155 186
155 42
155 77
155 179
155 223
155 64
155 107
155 197
155 70
155 10
155 16
155 158
155 39
155 50
155 25
155 43
155 232
155 108
156 144
156 93
156 217
156 19
156 8
156 53
156 76
156 222
156 103
156 24
156 4
156 56
156 36
156 65
156 128
156 33
156 218
156 85
156 97
156 208
156 5
156 133
156 155
156 125
156 74
156 101
156 59
156 172
156 205
156 231
157 41
157 144
157 115
157 86
157 19
157 177
157 53
157 193
157 191
157 32
157 226
157 35
157 187
157 91
157 47
157 119
157 151
157 208
157 5
157 102
157 17
157 68
157 138
157 37
157 203
157 101
157 172
157 231
158 115
158 217
158 19
158 238
158 53
158 76
158 224
158 222
158 24
158 226
158 201
158 4
158 52
158 113
158 110
158 128
158 85
158 97
158 66
158 242
158 155
158 100
158 125
158 99
158 138
158 206
158 117
158 59
158 231
159 58
159 93
159 217
159 238
159 53
159 76
159 222
159 32
159 226
159 3
159 36
159 84
159 91
159 141
159 119
159 66
159 208
159 140
159 23
159 242
159 79
159 87
159 125
159 237
159 138
159 210
159 49
159 206
159 31
159 61
159 74
159 0
159 101
159 59
160 58
160 124
160 115
160 86
160 53
160 236
160 142
160 224
160 103
160 193
160 52
160 110
160 128
160 91
160 200
160 47
160 218
160 85
160 194
160 151
160 208
160 140
160 79
160 68
160 166
160 99
160 138
160 210
160 49
160 37
160 206
160 94
160 203
160 164
160 129
160 211
160 59
160 172
160 81
161 93
161 19
161 238
161 53
161 191
161 173
161 202
161 35
161 4
161 65
161 52
161 47
161 119
161 97
161 66
161 151
161 208
161 23
161 30
161 100
161 178
161 237
161 61
161 74
161 203
161 117
161 211
161 172
162 41
162 86
162 93
162 198
162 19
162 222
162 103
162 191
162 35
162 201
162 4
162 84
162 113
162 200
162 218
162 85
162 119
162 97
162 194
162 140
162 5
162 178
162 87
162 125
162 237
162 37
162 44
162 74
162 195
162 164
162 117
162 129
162 101
162 172
162 205
163 58
163 124
163 93
163 198
163 118
163 19
163 8
163 53
163 142
163 24
163 202
163 226
163 35
163 65
163 113
163 200
163 47
163 218
163 85
163 97
163 23
163 150
163 79
163 102
163 17
163 45
163 30
163 237
163 138
163 37
163 44
163 74
163 101
163 59
163 172
164 122
164 168
164 98
164 180
164 60
164 219
164 182
164 67
164 57
164 243
164 162
164 135
164 2
164 112
164 147
164 111
164 38
164 160
164 241
164 90
164 78
164 190
164 186
164 169
164 181
164 239
164 7
164 42
164 77
164 54
164 134
164 197
164 83
164 16
164 29
164 39
164 25
164 230
164 43
164 232
164 89
165 124
165 41
165 86
165 93
165 19
165 238
165 8
165 142
165 222
165 103
165 32
165 173
165 24
165 1
165 4
165 56
165 65
165 91
165 47
165 66
165 150
165 45
165 178
165 125
165 99
165 71
165 210
165 203
165 101
165 59
165 172
165 81
166 122
166 192
166 62
166 185
166 14
166 235
166 132
166 219
166 182
166 73
166 13
166 243
166 167
166 27
166 112
166 6
166 22
166 160
166 241
166 121
166 105
166 152
166 196
166 116
166 154
166 169
166 7
166 42
166 77
166 221
166 223
166 175
166 64
166 114
166 107
166 15
166 174
166 209
166 50
166 9
166 25
166 230
166 108
167 144
167 93
167 118
167 217
167 236
167 142
167 222
167 103
167 24
167 202
167 226
167 35
167 1
167 65
167 84
167 113
167 128
167 91
167 200
167 33
167 218
167 85
167 151
167 208
167 133
167 100
167 178
167 87
167 166
167 210
167 61
167 117
167 129
167 0
167 59
167 205
168 93
168 198
168 238
168 236
168 142
168 191
168 32
168 35
168 201
168 1
168 4
168 65
168 113
168 33
168 97
168 194
168 151
168 30
168 155
168 178
168 49
168 206
168 74
168 203
168 164
168 129
168 0
168 211
168 205
169 118
169 177
169 8
169 76
169 193
169 191
169 24
169 1
169 56
169 3
169 84
169 110
169 141
169 47
169 218
169 23
169 166
169 37
169 206
169 74
169 203
169 164
169 129
169 0
169 101
169 205
169 231
170 115
170 86
170 238
170 8
170 193
170 24
170 202
170 226
170 4
170 56
170 84
170 52
170 113
170 47
170 66
170 23
170 68
170 178
170 237
170 74
170 117
170 129
170 101
170 205
170 81
171 58
171 86
171 93
171 118
171 238
171 177
171 8
171 53
171 76
171 224
171 201
171 52
171 33
171 218
171 97
171 151
171 208
171 5
171 133
171 79
171 30
171 68
171 155
171 125
171 99
171 49
171 37
171 117
171 81
172 96
172 55
172 143
172 157
172 161
172 14
172 180
172 235
172 63
172 20
172 220
172 82
172 73
172 67
172 13
172 162
172 147
172 215
172 156
172 22
172 160
172 90
172 184
172 105
172 190
172 80
172 152
172 163
172 244
172 239
172 221
172 149
172 223
172 153
172 114
172 165
172 107
172 199
172 16
172 213
172 240
172 145
172 9
172 148
172 43
172 232
172 89
172 108
173 188
173 55
173 130
173 185
173 161
173 95
173 14
173 63
173 88
173 219
173 139
173 82
173 207
173 27
173 112
173 215
173 90
173 184
173 78
173 190
173 244
173 181
173 77
173 227
173 233
173 176
173 165
173 15
173 197
173 183
173 70
173 16
173 213
173 145
173 39
173 230
173 43
174 41
174 144
174 8
174 236
174 222
174 226
174 201
174 56
174 3
174 36
174 65
174 187
174 52
174 113
174 91
174 200
174 85
174 97
174 208
174 150
174 79
174 45
174 30
174 68
174 178
174 87
174 166
174 237
174 37
174 206
174 44
174 117
174 0
175 58
175 124
175 198
175 238
175 8
175 142
175 191
175 32
175 24
175 35
175 201
175 56
175 91
175 141
175 33
175 126
175 150
175 5
175 133
175 102
175 68
175 178
175 166
175 99
175 210
175 37
175 206
175 61
175 74
175 195
175 94
175 203
175 129
175 211
175 59
175 81
176 115
176 217
176 19
176 8
176 103
176 191
176 32
176 173
176 202
176 226
176 84
176 113
176 128
176 47
176 97
176 194
176 126
176 23
176 150
176 45
176 178
176 87
176 237
176 71
176 37
176 61
176 195
176 117
176 231
177 188
177 157
177 214
177 98
177 171
177 14
177 235
177 60
177 139
177 189
177 51
177 82
177 2
177 112
177 38
177 90
177 184
177 78
177 105
177 80
177 152
177 212
177 154
177 169
177 244
177 225
177 42
177 221
177 54
177 179
177 134
177 92
177 109
177 209
177 83
177 240
177 25
177 230
177 89
178 122
178 168
178 161
178 95
178 14
178 219
178 220
178 69
178 104
178 12
178 34
178 228
178 162
178 167
178 27
178 215
178 136
178 170
178 21
178 78
178 105
178 212
178 186
178 181
178 7
178 225
178 123
178 175
178 176
178 64
178 165
178 109
178 107
178 174
178 209
178 29
178 9
178 230
178 232
178 89
179 124
179 41
179 198
179 118
179 217
179 19
179 177
179 142
179 222
179 103
179 32
179 35
179 36
179 65
179 52
179 113
179 128
179 141
179 33
179 208
179 23
179 150
179 5
179 133
179 79
179 102
179 45
179 155
179 100
179 87
179 206
179 203
179 117
179 81
180 58
180 93
180 236
180 103
180 193
180 24
180 202
180 226
180 35
180 201
180 36
180 65
180 52
180 113
180 110
180 33
180 119
180 66
180 208
180 23
180 5
180 133
180 100
180 99
180 71
180 210
180 61
180 164
180 117
180 172
181 41
181 144
181 118
181 19
181 191
181 173
181 1
181 4
181 56
181 91
181 218
181 85
181 126
181 242
181 30
181 178
181 99
181 71
181 206
181 44
181 74
181 195
181 164
181 81
181 231
182 58
182 217
182 19
182 8
182 53
182 103
182 191
182 24
182 36
182 187
182 52
182 85
182 97
182 66
182 140
182 23
182 79
182 102
182 68
182 87
182 166
182 138
182 49
182 74
182 195
182 203
182 164
182 0
183 124
183 115
183 93
183 19
183 238
183 8
183 222
183 193
183 32
183 173
183 24
183 202
183 35
183 187
183 91
183 33
183 119
183 151
183 208
183 140
183 126
183 150
183 5
183 71
183 138
183 37
183 74
183 195
183 94
183 203
183 117
183 59
183 231
184 115
184 86
184 93
184 238
184 177
184 53
184 222
184 103
184 173
184 226
184 201
184 56
184 36
184 91
184 33
184 47
184 85
184 66
184 151
184 242
184 45
184 87
184 237
184 31
184 61
184 74
184 195
184 59
184 172
185 58
185 217
185 238
185 76
185 191
185 173
185 201
185 56
185 36
185 65
185 187
185 84
185 52
185 200
185 23
185 79
185 102
185 17
185 30
185 100
185 166
185 237
185 138
185 49
185 61
185 94
185 211
185 231
186 124
186 41
186 144
186 86
186 118
186 238
186 53
186 142
186 224
186 222
186 103
186 193
186 191
186 32
186 201
186 56
186 65
186 187
186 52
186 113
186 110
186 128
186 91
186 85
186 66
186 23
186 242
186 79
186 30
186 155
186 178
186 125
186 99
186 71
186 210
186 37
186 206
186 94
186 164
186 129
186 101
187 122
187 188
187 55
187 157
187 185
187 235
187 63
187 137
187 132
187 88
187 182
187 51
187 34
187 67
187 11
187 243
187 147
187 111
187 6
187 78
187 154
187 120
187 186
187 54
187 153
187 64
187 109
187 15
187 216
187 197
187 183
187 174
187 209
187 229
187 40
187 234
187 25
188 217
188 177
188 142
188 193
188 191
188 173
188 24
188 226
188 201
188 56
188 187
188 52
188 128
188 200
188 97
188 208
188 126
188 23
188 17
188 68
188 87
188 206
188 195
188 94
189 86
189 217
189 177
189 236
189 103
189 193
189 56
189 3
189 65
189 113
189 33
189 85
189 97
189 194
189 126
189 23
189 133
189 87
189 71
189 138
189 74
189 94
189 101
189 205
190 58
190 41
190 86
190 118
190 53
190 236
190 142
190 224
190 191
190 32
190 173
190 201
190 36
190 128
190 47
190 218
190 97
190 194
190 140
190 126
190 150
190 133
190 102
190 17
190 87
190 125
190 237
190 138
190 210
190 31
190 61
190 74
190 164
190 117
190 172
191 188
191 96
191 143
191 157
191 48
191 62
191 214
191 168
191 98
191 185
191 161
191 235
191 20
191 139
191 220
191 182
191 82
191 67
191 228
191 18
191 162
191 135
191 27
191 112
191 147
191 136
191 72
191 241
191 21
191 78
191 190
191 80
191 152
191 212
191 196
191 154
191 120
191 186
191 169
191 181
191 239
191 175
191 134
191 176
191 114
191 216
191 197
191 10
191 16
191 29
191 9
191 148
191 43
191 46
191 232
192 58
192 198
192 118
192 217
192 238
192 142
192 103
192 202
192 35
192 84
192 52
192 110
192 85
192 66
192 126
192 150
192 5
192 133
192 102
192 30
192 100
192 87
192 166
192 99
192 71
192 195
192 0
192 231
193 122
193 188
193 55
193 157
193 62
193 214
193 180
193 235
193 63
193 20
193 189
193 82
193 73
193 34
193 228
193 11
193 146
193 112
193 136
193 22
193 160
193 170
193 105
193 212
193 186
193 169
193 77
193 227
193 109
193 107
193 183
193 10
193 145
193 50
193 232
193 89
194 96
194 143
194 168
194 14
194 235
194 63
194 189
194 104
194 228
194 13
194 18
194 162
194 6
194 22
194 160
194 241
194 21
194 105
194 190
194 152
194 212
194 196
194 154
194 123
194 221
194 176
194 92
194 107
194 197
194 16
194 229
194 213
194 145
194 9
194 148
194 43
194 232
195 188
195 192
195 48
195 14
195 60
195 132
195 88
195 182
195 104
195 162
195 2
195 112
195 111
195 241
195 21
195 184
195 105
195 75
195 244
195 181
195 7
195 123
195 221
195 175
195 176
195 92
195 109
195 107
195 15
195 216
195 197
195 183
195 83
195 16
195 145
195 9
195 25
195 46
195 232
195 89
196 58
196 41
196 118
196 217
196 53
196 142
196 191
196 35
196 201
196 52
196 200
196 194
196 208
196 242
196 5
196 166
196 99
196 71
196 138
196 81
197 58
197 124
197 86
197 93
197 118
197 8
197 53
197 76
197 191
197 173
197 202
197 35
197 187
197 84
197 194
197 23
197 45
197 155
197 100
197 237
197 99
197 71
197 138
197 195
197 164
197 117
197 211
197 205
197 81
197 231
198 192
198 214
198 168
198 95
198 235
198 60
198 20
198 12
198 82
198 13
198 162
198 207
198 135
198 2
198 112
198 147
198 21
198 121
198 75
198 163
198 154
198 244
198 239
198 7
198 42
198 149
198 179
198 175
198 227
198 233
198 92
198 114
198 209
198 240
198 40
198 234
198 25
198 106
198 46
198 108
199 58
199 86
199 118
199 53
199 236
199 224
199 222
199 32
199 201
199 84
199 110
199 200
199 66
199 140
199 30
199 68
199 100
199 237
199 99
199 49
199 206
199 31
199 74
199 129
199 0
199 172
199 81
199 231
200 122
200 188
200 96
200 55
200 48
200 62
200 26
200 98
200 185
200 95
200 60
200 219
200 73
200 67
200 57
200 162
200 167
200 27
200 112
200 147
200 215
200 131
200 160
200 21
200 90
200 78
200 152
200 75
200 163
200 196
200 116
200 225
200 123
200 221
200 54
200 149
200 223
200 233
200 199
200 174
200 209
200 10
200 16
200 213
200 145
200 39
200 40
200 234
200 148
200 230
200 106
200 46
201 188
201 168
201 130
201 185
201 171
201 180
201 20
201 69
201 12
201 28
201 34
201 67
201 57
201 18
201 162
201 27
201 147
201 131
201 72
201 184
201 190
201 212
201 196
201 186
201 7
201 225
201 42
201 77
201 175
201 92
201 64
201 114
201 15
201 199
201 174
201 83
201 16
201 158
201 145
201 29
201 39
201 148
201 25
201 230
201 43
201 89
202 192
202 214
202 26
202 161
202 95
202 180
202 60
202 20
202 132
202 12
202 28
202 73
202 228
202 243
202 135
202 167
202 112
202 131
202 170
202 80
202 75
202 212
202 163
202 7
202 134
202 227
202 233
202 176
202 109
202 216
202 197
202 183
202 83
202 10
202 229
202 145
202 29
202 39
202 50
202 40
202 25
202 232
202 204
202 108
203 122
203 96
203 157
203 168
203 98
203 161
203 95
203 235
203 60
203 20
203 132
203 220
203 182
203 104
203 28
203 57
203 13
203 18
203 27
203 111
203 72
203 160
203 241
203 90
203 121
203 152
203 169
203 7
203 42
203 179
203 175
203 134
203 233
203 92
203 64
203 165
203 183
203 70
203 83
203 145
203 40
203 234
203 148
203 106
203 46
203 204
204 58
204 86
204 217
204 236
204 76
204 224
204 103
204 24
204 202
204 226
204 3
204 84
204 113
204 110
204 128
204 33
204 218
204 66
204 23
204 150
204 5
204 68
204 125
204 99
204 71
204 49
204 206
204 74
204 203
204 129
204 0
204 59
205 48
205 62
205 168
205 26
205 130
205 60
205 63
205 137
205 88
205 189
205 82
205 73
205 57
205 11
205 243
205 162
205 207
205 167
205 156
205 6
205 72
205 22
205 170
205 241
205 21
205 78
205 80
205 212
205 120
205 169
205 239
205 233
205 153
205 109
205 216
205 197
205 209
205 70
205 40
205 43
205 106
205 89
206 188
206 55
206 143
206 214
206 168
206 26
206 98
206 235
206 60
206 63
206 219
206 159
206 69
206 104
206 73
206 34
206 67
206 13
206 18
206 11
206 243
206 207
206 27
206 112
206 215
206 38
206 22
206 160
206 121
206 78
206 152
206 154
206 186
206 169
206 181
206 42
206 123
206 179
206 223
206 175
206 227
206 233
206 199
206 174
206 158
206 145
206 29
206 234
206 9
206 25
206 230
206 106
206 204
207 58
207 115
207 198
207 19
207 173
207 35
207 56
207 3
207 52
207 128
207 91
207 119
207 151
207 140
207 17
207 30
207 100
207 87
207 210
207 37
207 206
207 31
207 205
208 188
208 157
208 62
208 214
208 130
208 161
208 171
208 180
208 127
208 20
208 88
208 139
208 159
208 51
208 104
208 82
208 57
208 228
208 135
208 167
208 215
208 156
208 111
208 22
208 160
208 90
208 121
208 196
208 120
208 244
208 179
208 227
208 183
208 174
208 83
208 16
208 145
208 40
208 148
208 25
208 230
208 232
209 124
209 144
209 198
209 118
209 177
209 224
209 32
209 35
209 187
209 52
209 110
209 141
209 200
209 33
209 47
209 218
209 85
209 66
209 126
209 150
209 45
209 100
209 178
209 87
209 166
209 237
209 138
209 37
209 31
209 44
209 94
209 205
210 130
210 98
210 14
210 180
210 159
210 69
210 104
210 12
210 73
210 34
210 57
210 228
210 146
210 207
210 167
210 131
210 136
210 111
210 6
210 160
210 241
210 21
210 90
210 78
210 190
210 75
210 116
210 186
210 149
210 175
210 227
210 92
210 165
210 107
210 15
210 10
210 145
210 29
210 39
210 50
210 106
210 232
211 168
211 130
211 185
211 161
211 235
211 60
211 63
211 20
211 132
211 88
211 51
211 69
211 82
211 11
211 2
211 27
211 215
211 131
211 111
211 72
211 160
211 241
211 21
211 105
211 7
211 42
211 77
211 54
211 149
211 175
211 233
211 92
211 197
211 70
211 240
211 29
211 39
211 50
211 9
211 25
211 106
211 89
212 58
212 115
212 217
212 238
212 177
212 53
212 236
212 193
212 191
212 202
212 201
212 3
212 52
212 85
212 97
212 194
212 140
212 150
212 79
212 102
212 17
212 100
212 178
212 59
212 205
212 231
213 124
213 93
213 217
213 8
213 53
213 222
213 173
213 226
213 35
213 4
213 36
213 65
213 110
213 141
213 200
213 119
213 194
213 151
213 140
213 17
213 68
213 237
213 99
213 31
213 74
213 172
214 41
214 144
214 198
214 177
214 8
214 53
214 193
214 191
214 32
214 24
214 202
214 56
214 3
214 110
214 33
214 85
214 119
214 66
214 208
214 140
214 23
214 242
214 150
214 133
214 30
214 237
214 99
214 71
214 206
214 94
214 129
214 59
215 58
215 115
215 93
215 217
215 236
215 142
215 32
215 173
215 56
215 3
215 84
215 128
215 91
215 200
215 47
215 218
215 66
215 208
215 126
215 242
215 79
215 102
215 45
215 100
215 178
215 206
215 31
215 211
215 59
215 172
215 231
216 124
216 238
216 53
216 236
216 224
216 191
216 32
216 24
216 202
216 36
216 65
216 187
216 110
216 141
216 33
216 47
216 126
216 30
216 87
216 237
216 71
216 49
216 37
216 31
216 74
216 195
216 117
216 129
216 101
216 205
217 188
217 192
217 48
217 26
217 130
217 185
217 219
217 220
217 182
217 189
217 159
217 51
217 28
217 82
217 34
217 11
217 243
217 167
217 215
217 156
217 131
217 6
217 72
217 241
217 121
217 78
217 212
217 196
217 120
217 244
217 42
217 179
217 233
217 153
217 176
217 109
217 107
217 15
217 10
217 158
217 229
217 213
217 29
217 40
217 9
217 148
217 25
217 43
217 232
217 204
218 143
218 130
218 95
218 171
218 235
218 220
218 12
218 28
218 13
218 11
218 162
218 167
218 147
218 215
218 156
218 111
218 6
218 22
218 160
218 241
218 121
218 78
218 190
218 163
218 116
218 154
218 169
218 181
218 7
218 225
218 42
218 77
218 149
218 134
218 114
218 15
218 209
218 70
218 145
218 50
218 148
218 43
218 106
218 232
218 204
219 217
219 238
219 8
219 142
219 224
219 32
219 173
219 1
219 4
219 3
219 52
219 128
219 141
219 200
219 85
219 66
219 140
219 23
219 133
219 102
219 178
219 166
219 125
219 206
219 31
219 44
219 164
219 101
219 59
220 58
220 41
220 217
220 19
220 53
220 103
220 191
220 24
220 1
220 56
220 3
220 128
220 47
220 218
220 85
220 119
220 97
220 140
220 23
220 242
220 150
220 79
220 30
220 155
220 178
220 125
220 37
220 31
220 203
220 129
220 0
220 172
220 81
221 124
221 115
221 118
221 177
221 142
221 76
221 103
221 32
221 35
221 56
221 128
221 91
221 200
221 66
221 194
221 102
221 166
221 125
221 71
221 37
221 44
221 195
221 94
221 129
221 172
221 231
222 62
222 130
222 98
222 14
222 235
222 127
222 63
222 20
222 137
222 159
222 51
222 12
222 67
222 57
222 228
222 162
222 135
222 167
222 112
222 147
222 156
222 38
222 22
222 21
222 184
222 152
222 75
222 186
222 123
222 77
222 54
222 149
222 179
222 153
222 165
222 107
222 183
222 199
222 174
222 158
222 213
222 40
222 148
222 43
222 89
222 108
223 115
223 93
223 103
223 32
223 65
223 52
223 110
223 128
223 91
223 200
223 33
223 47
223 151
223 150
223 5
223 133
223 155
223 100
223 166
223 125
223 237
223 99
223 138
223 206
223 31
223 74
223 59
223 172
224 55
224 95
224 171
224 14
224 235
224 88
224 219
224 69
224 243
224 146
224 27
224 112
224 131
224 72
224 160
224 21
224 90
224 190
224 152
224 75
224 154
224 186
224 239
224 42
224 54
224 134
224 109
224 15
224 216
224 199
224 209
224 10
224 158
224 229
224 40
224 9
224 148
224 25
224 204
225 58
225 115
225 86
225 177
225 8
225 53
225 142
225 76
225 32
225 24
225 35
225 201
225 4
225 3
225 65
225 141
225 200
225 218
225 97
225 140
225 150
225 100
225 178
225 87
225 71
225 49
225 37
225 74
225 0
225 59
226 188
226 96
226 157
226 62
226 130
226 14
226 180
226 132
226 139
226 159
226 69
226 82
226 57
226 167
226 27
226 112
226 131
226 136
226 72
226 170
226 241
226 184
226 163
226 154
226 244
226 77
226 149
226 227
226 233
226 176
226 64
226 114
226 109
226 174
226 70
226 16
226 158
226 213
226 240
226 39
226 9
226 230
226 46
226 89
226 204
227 144
227 115
227 86
227 198
227 8
227 193
227 173
227 202
227 226
227 3
227 84
227 91
227 85
227 151
227 208
227 79
227 45
227 99
227 71
227 210
227 49
227 206
227 44
227 74
227 81
228 58
228 124
228 41
228 86
228 118
228 8
228 236
228 222
228 193
228 191
228 24
228 202
228 35
228 1
228 65
228 113
228 128
228 91
228 47
228 85
228 119
228 97
228 194
228 208
228 140
228 23
228 150
228 133
228 79
228 45
228 178
228 71
228 210
228 37
228 61
228 129
228 231
229 58
229 124
229 217
229 19
229 224
229 24
229 202
229 35
229 1
229 56
229 187
229 84
229 128
229 47
229 85
229 194
229 126
229 23
229 150
229 133
229 79
229 68
229 100
229 87
229 99
229 61
229 94
229 101
230 86
230 238
230 177
230 76
230 173
230 24
230 226
230 201
230 1
230 56
230 52
230 91
230 141
230 200
230 33
230 85
230 119
230 97
230 151
230 208
230 242
230 133
230 68
230 100
230 178
230 166
230 237
230 71
230 138
230 206
230 44
230 74
230 164
230 129
230 0
230 59
230 81
231 122
231 96
231 192
231 55
231 143
231 157
231 48
231 185
231 95
231 235
231 60
231 139
231 104
231 34
231 67
231 228
231 18
231 243
231 112
231 215
231 156
231 111
231 105
231 152
231 75
231 212
231 116
231 120
231 169
231 244
231 181
231 77
231 221
231 153
231 176
231 92
231 109
231 107
231 197
231 183
231 199
231 83
231 158
231 234
231 148
231 46
231 108
232 93
232 217
232 103
232 193
232 191
232 202
232 35
232 56
232 110
232 218
232 97
232 194
232 151
232 208
232 102
232 17
232 30
232 155
232 178
232 237
232 99
232 210
232 31
232 74
232 195
232 164
232 0
232 172
233 124
233 93
233 198
233 118
233 217
233 19
233 53
233 142
233 173
233 202
233 226
233 1
233 56
233 113
233 200
233 66
233 126
233 242
233 30
233 68
233 87
233 138
233 206
233 61
233 203
233 129
233 101
233 211
233 59
233 205
234 198
234 118
234 238
234 8
234 142
234 103
234 32
234 1
234 3
234 36
234 187
234 52
234 141
234 200
234 119
234 66
234 5
234 133
234 102
234 17
234 37
234 206
234 31
234 203
234 81
234 231
235 198
235 118
235 238
235 177
235 224
235 222
235 193
235 191
235 35
235 4
235 56
235 187
235 113
235 47
235 218
235 97
235 194
235 140
235 126
235 150
235 17
235 155
235 166
235 49
235 206
235 203
235 0
235 211
235 59
235 172
235 81
235 231
236 122
236 168
236 98
236 180
236 127
236 63
236 139
236 189
236 51
236 69
236 104
236 12
236 82
236 67
236 228
236 243
236 167
236 215
236 111
236 6
236 72
236 22
236 160
236 90
236 121
236 78
236 190
236 75
236 212
236 154
236 244
236 134
236 109
236 15
236 216
236 199
236 174
236 204
236 108
237 55
237 214
237 98
237 185
237 161
237 95
237 14
237 137
237 132
237 159
237 51
237 69
237 104
237 12
237 73
237 18
237 243
237 162
237 2
237 136
237 38
237 170
237 184
237 78
237 190
237 152
237 163
237 42
237 54
237 223
237 176
237 64
237 216
237 197
237 199
237 174
237 209
237 70
237 213
237 148
237 25
237 230
237 46
237 232
238 96
238 192
238 168
238 26
238 98
238 185
238 161
238 95
238 171
238 14
238 235
238 127
238 20
238 219
238 159
238 51
238 28
238 73
238 18
238 27
238 38
238 22
238 170
238 184
238 121
238 105
238 75
238 212
238 186
238 123
238 77
238 54
238 175
238 165
238 216
238 183
238 10
238 16
238 158
238 240
238 39
238 234
238 25
238 230
238 43
238 106
238 46
238 108
239 58
239 41
239 86
239 198
239 224
239 103
239 191
239 32
239 24
239 1
239 56
239 110
239 119
239 97
239 140
239 5
239 17
239 45
239 71
239 138
239 44
239 61
239 94
239 164
239 117
239 0
239 101
239 59
239 172
239 205
240 41
240 93
240 198
240 238
240 177
240 142
240 32
240 226
240 35
240 1
240 4
240 56
240 65
240 84
240 52
240 113
240 33
240 47
240 85
240 119
240 97
240 66
240 151
240 23
240 133
240 68
240 100
240 71
240 44
240 74
240 0
240 211
240 172
241 124
241 144
241 115
241 217
241 19
241 8
241 53
241 191
241 32
241 226
241 65
241 84
241 128
241 218
241 85
241 194
241 23
241 150
241 133
241 68
241 87
241 166
241 71
241 210
241 31
241 74
241 195
241 203
241 164
241 0
241 211
241 205
242 96
242 55
242 143
242 214
242 26
242 130
242 139
242 220
242 159
242 51
242 57
242 13
242 11
242 243
242 146
242 2
242 27
242 215
242 6
242 72
242 184
242 196
242 186
242 244
242 181
242 7
242 123
242 233
242 153
242 64
242 114
242 15
242 70
242 158
242 50
242 148
242 230
242 43
243 58
243 41
243 93
243 217
243 236
243 224
243 24
243 202
243 4
243 187
243 84
243 119
243 66
243 140
243 242
243 17
243 45
243 68
243 100
243 166
243 237
243 49
243 206
243 164
243 129
243 205
243 81
243 231
244 58
244 115
244 86
244 198
244 217
244 177
244 8
244 236
244 76
244 173
244 226
244 113
244 33
244 85
244 97
244 66
244 208
244 242
244 5
244 79
244 100
244 99
244 49
244 61
244 195
244 94
244 172
244 81
244 231
