45 284
0 44
0 41
0 20
0 35
0 33
0 23
0 5
0 1
1 6
1 32
1 15
1 18
1 25
1 42
1 31
1 3
1 19
1 12
1 29
1 34
1 26
1 40
1 9
1 0
1 11
2 36
2 6
2 8
2 14
2 18
2 39
2 42
2 12
2 29
2 34
2 26
2 40
2 9
3 27
3 44
3 43
3 20
3 37
3 7
3 13
3 23
3 5
3 1
4 36
4 6
4 15
4 25
4 17
4 19
4 12
4 29
4 34
4 26
4 40
4 11
5 36
5 8
5 32
5 15
5 39
5 25
5 31
5 3
5 17
5 29
5 40
5 21
5 0
5 22
6 38
6 35
6 2
6 37
6 33
6 4
6 13
6 23
6 30
6 10
6 1
7 8
7 14
7 18
7 39
7 31
7 3
7 16
7 19
7 12
7 34
7 40
7 21
8 44
8 43
8 24
8 20
8 38
8 2
8 28
8 33
8 7
8 13
8 23
8 10
8 5
9 27
9 20
9 38
9 2
9 33
9 13
9 10
9 1
10 6
10 8
10 18
10 39
10 25
10 31
10 16
10 12
10 40
10 9
10 11
10 22
11 43
11 20
11 35
11 33
11 4
11 13
11 30
11 10
11 1
12 27
12 44
12 43
12 38
12 2
12 28
12 33
12 4
12 7
12 13
12 30
12 10
12 1
13 36
13 6
13 8
13 15
13 18
13 39
13 31
13 3
13 12
13 26
13 40
13 21
13 9
13 11
14 43
14 24
14 20
14 38
14 2
14 28
14 33
14 7
14 23
15 41
15 43
15 20
15 28
15 33
15 4
15 13
15 23
15 30
15 5
15 1
16 27
16 44
16 41
16 43
16 24
16 20
16 38
16 37
16 7
16 23
16 30
16 10
17 27
17 44
17 41
17 20
17 33
17 4
17 30
17 5
18 27
18 41
18 43
18 24
18 35
18 2
18 28
18 37
18 33
18 7
18 13
18 23
18 10
18 1
19 27
19 44
19 41
19 43
19 24
19 20
19 38
19 35
19 28
19 37
19 4
19 7
19 1
20 8
20 32
20 15
20 14
20 31
20 3
20 17
20 16
20 19
20 26
20 9
20 0
20 11
21 27
21 43
21 24
21 38
21 35
21 37
21 7
21 13
21 23
21 5
22 27
22 44
22 43
22 24
22 38
22 35
22 28
22 33
22 23
22 30
22 10
22 5
23 36
23 6
23 8
23 32
23 15
23 14
23 18
23 25
23 42
23 31
23 3
23 16
23 29
23 34
23 21
23 0
23 22
24 36
24 8
24 32
24 14
24 18
24 39
24 16
24 19
24 29
24 26
24 21
24 22
25 44
25 41
25 43
25 28
25 37
25 33
25 4
25 23
25 10
25 5
25 1
26 27
26 44
26 43
26 24
26 20
26 38
26 35
26 2
26 28
26 33
26 4
26 13
26 1
27 36
27 32
27 18
27 39
27 42
27 31
27 3
27 17
27 16
27 19
27 12
27 29
27 34
27 26
27 40
27 21
27 9
27 22
28 36
28 8
28 32
28 15
28 14
28 18
28 39
28 25
28 31
28 19
28 12
28 29
28 26
28 22
29 27
29 41
29 24
29 38
29 35
29 2
29 28
29 37
29 4
29 23
29 30
29 5
29 1
30 36
30 6
30 15
30 42
30 31
30 17
30 16
30 12
30 29
30 34
30 40
30 11
30 22
31 27
31 43
31 20
31 38
31 35
31 28
31 37
31 7
31 13
31 23
31 30
31 10
31 5
31 1
32 27
32 44
32 43
32 24
32 20
32 38
32 35
32 28
32 33
32 23
32 5
32 1
33 36
33 6
33 8
33 32
33 15
33 14
33 18
33 39
33 25
33 17
33 12
33 26
33 40
33 9
33 0
33 11
33 22
34 27
34 44
34 43
34 38
34 35
34 2
34 37
34 4
34 7
34 23
34 30
34 1
35 36
35 6
35 32
35 18
35 42
35 31
35 19
35 29
35 34
35 26
35 40
35 21
35 0
35 11
35 22
36 27
36 41
36 43
36 24
36 35
36 2
36 28
36 33
36 4
36 13
36 23
36 30
36 5
37 6
37 18
37 39
37 25
37 31
37 3
37 16
37 19
37 29
37 34
37 40
37 21
38 6
38 8
38 32
38 14
38 39
38 42
38 31
38 16
38 19
38 12
38 29
38 34
38 26
38 21
38 9
38 22
39 27
39 44
39 24
39 38
39 2
39 28
39 37
39 33
39 7
39 13
39 10
39 5
40 27
40 44
40 43
40 35
40 2
40 37
40 33
40 4
40 7
40 13
40 30
40 10
40 5
40 1
41 36
41 15
41 18
41 25
41 42
41 17
41 16
41 19
41 29
41 0
42 27
42 41
42 43
42 38
42 35
42 2
42 23
42 30
42 1
43 36
43 8
43 32
43 15
43 14
43 18
43 25
43 42
43 31
43 3
43 16
43 19
43 12
43 34
43 26
43 40
43 21
43 11
43 22
44 8
44 32
44 39
44 25
44 3
44 17
44 16
44 19
44 12
44 34
44 26
44 40
44 0
44 22
